0 145 56
1 142 61
2 139 69
3 136 76
4 123 84
5 120 87
6 120 95
7 121 98
8 126 104
9 129 108
10 124 114
11 122 122
12 122 131
13 126 137
14 134 139
15 137 143
16 141 150
17 145 154
18 160 152
19 163 156
20 163 159
21 166 161
22 168 166
23 164 171
24 164 178
25 168 181
26 168 188
27 175 190
28 181 197
29 182 207
30 186 214
31 191 220
32 197 227
33 204 228
34 211 220
35 211 211
36 208 203
37 210 195
38 213 186
39 207 179
40 199 173
41 196 167
42 196 161
43 198 155
44 200 148
45 197 142
46 193 138
47 191 135
48 191 127
49 194 117
50 191 111
51 187 108
52 184 101
53 180 104
54 170 108
55 166 106
56 160 103
57 156 102
58 161 97
59 161 90
60 157 87
61 158 79
62 159 72
63 155 66
64 148 61
