0 222 144
1 213 146
2 210 151
3 207 155
4 199 162
5 195 165
6 195 171
7 200 181
8 202 186
9 200 190
10 195 195
11 187 190
12 182 191
13 176 193
14 170 195
15 174 204
16 180 215
17 181 223
18 182 230
19 179 237
20 173 242
21 173 251
22 170 255
23 166 255
24 155 252
25 148 251
26 143 244
27 138 252
28 145 267
29 149 280
30 145 283
31 136 276
32 129 270
33 119 265
34 111 263
35 107 267
36 103 275
37 108 284
38 122 292
39 126 300
40 122 311
41 127 315
42 127 321
43 133 326
44 137 325
45 141 328
46 147 336
47 149 340
48 156 343
49 164 339
50 170 331
51 167 321
52 163 314
53 163 308
54 169 308
55 175 311
56 179 309
57 182 309
58 188 300
59 181 289
60 177 284
61 177 279
62 183 279
63 192 280
64 201 279
65 205 275
66 209 264
67 204 255
68 201 250
69 203 247
70 209 248
71 220 246
72 224 242
73 218 233
74 214 226
75 211 221
76 211 220
77 219 220
78 227 220
79 231 220
80 233 215
81 234 207
82 233 203
83 232 197
84 230 191
85 226 188
86 223 183
87 224 180
88 229 172
89 233 162
90 229 153
