0 46 47
1 42 53
2 42 60
3 39 68
4 39 74
5 28 83
6 24 86
7 27 98
8 30 105
9 34 110
10 26 114
11 20 115
12 13 117
13 9 119
14 7 122
15 7 128
16 7 136
17 14 140
18 20 140
19 21 141
20 21 145
21 21 153
22 23 161
23 27 166
24 40 161
25 48 154
26 45 147
27 41 141
28 49 137
29 53 133
30 52 127
31 53 124
32 56 126
33 62 129
34 65 126
35 69 122
36 69 118
37 70 110
38 75 108
39 79 105
40 80 100
41 83 97
42 86 95
43 88 88
44 91 82
45 89 78
46 86 76
47 83 74
48 83 73
49 79 70
50 79 61
51 75 58
52 68 60
53 64 67
54 63 75
55 62 81
56 57 89
57 52 90
58 52 81
59 55 74
60 57 61
61 57 54
62 54 49
63 51 47
